 2  3  4  5 

 1  3  4  5  6  7 

 1  2  4  5 

 1  2  3  5  6  7  8 

 1  2  3  4  6  7  8  9  125 

 2  4  5  7  8  9  10  15  16  125 

 2  4  5  6  8  9  15  16  21 

 4  5  6  7  9  10  11  15  16  17  125 

 5  6  7  8  10  11  12  15  16  17  18 

 6  8  9  11  12  13  14  15  16  17 

 8  9  10  12  13  14  15 

 9  10  11  13  14 

 10  11  12  14 

 10  11  12  13 

 6  7  8  9  10  11  16  17  18  19  20  21  29 

 6  7  8  9  10  15  17  18  19  20  21  113  116  117  119  120  125 

 8  9  10  15  16  18  19  20  21  29  30  31 

 9  15  16  17  19  20  21  28  29  30  31  32  111 

 15  16  17  18  20  21  22  23  27  28  29  30  31 

 15  16  17  18  19  21  22  23  24  26  27  28 

 7  15  16  17  18  19  20  22  23  24  27  28 

 19  20  21  23  24  25  27  28  116 

 19  20  21  22  24  25  26  27  28  116 

 20  21  22  23  25  26  27  28  116 

 22  23  24  26  27  28 

 20  23  24  25  27  28 

 19  20  21  22  23  24  25  26  28 

 18  19  20  21  22  23  24  25  26  27  116 

 15  17  18  19  30  31  32  33  34  35  36  111 

 17  18  19  29  31  32  33  34 

 17  18  19  29  30  32  33  34  35  36  37  38  111 

 18  29  30  31  33  34  35  36  37  38  39  111 

 29  30  31  32  34  35  36  37  38 

 29  30  31  32  33  35  36 

 29  31  32  33  34  36  37  107  108  110  111 

 29  31  32  33  34  35  37  38  39  40  48  111 

 31  32  33  35  36  38  39  48  103  105  106  107  110  111 

 31  32  33  36  37  39  40  41  48  49  50 

 32  36  37  38  40  41  42  47  48  49  50  51 

 36  38  39  41  42  43  46  47  48  49  50 

 38  39  40  42  43  44  46  47  48  49 

 39  40  41  43  44  45  46  47  48  49  50  56  58  60 

 40  41  42  44  45  46  47  60  62 

 41  42  43  45  46  47 

 42  43  44  46  47 

 40  41  42  43  44  45  47  101 

 39  40  41  42  43  44  45  46  100  101 

 36  37  38  39  40  41  42  49  50  51  52  56  58  93 

 38  39  40  41  42  48  50  51  56  58 

 38  39  40  42  48  49  51  52  53  56  57  58  93 

 39  48  49  50  52  53  54  55  56  57  58  59  93 

 48  50  51  53  54  55  56  57  58  75  93 

 50  51  52  54  55  56  57  58  71  75 

 51  52  53  55  56  57  58  66  67  68  69  71 

 51  52  53  54  71  73  74  75 

 42  48  49  50  51  52  53  54  57  58  59  60  64  66 

 50  51  52  53  54  56  58  59  64  66  71  75  76  78  79  85  87  93 

 42  48  49  50  51  52  53  54  56  57  59  60  61  64  65  66 

 51  56  57  58  60  61  62  63  64  65  66  67 

 42  43  56  58  59  61  62  63  64  65  66 

 58  59  60  62  63  64  65 

 43  59  60  61  63  64  65 

 59  60  61  62  64  65 

 56  57  58  59  60  61  62  63  65  66  67  68  69  71 

 58  59  60  61  62  63  64  66  67  69  71 

 54  56  57  58  59  60  64  65  67  68  69  70  71 

 54  59  64  65  66  68  69  70  71  72 

 54  64  66  67  69  70  71 

 54  64  65  66  67  68  70  71  72  73  74  76  78 

 66  67  68  69  71  72  73  74 

 53  54  55  57  64  65  66  67  68  69  70  72  73  74  75  76  77  78 

 67  69  70  71  73  74  75  76  77  78  79 

 55  69  70  71  72  74  75  76  77  78  91 

 55  69  70  71  72  73  75  76 

 52  53  55  57  71  72  73  74  76  77  78  87  89  91 

 57  69  71  72  73  74  75  77  78  79  80  81  84  85  87 

 71  72  73  75  76  78  79  80  81  83  84  85  86 

 57  69  71  72  73  75  76  77  79  80  81  85  86  87 

 57  72  76  77  78  80  81  85  86  87  88 

 76  77  78  79  81  82  83  84  85  86  87 

 76  77  78  79  80  82  83  84 

 80  81  83  84 

 77  80  81  82  84 

 76  77  80  81  82  83 

 57  76  77  78  79  80  86  87  88  89  91  92 

 77  78  79  80  85  87  88  89  91 

 57  75  76  78  79  80  85  86  88  89  90  91  92  93  94 

 79  85  86  87  89  90  91  92  93  94  95 

 75  85  86  87  88  90  91  92  93  94 

 87  88  89  91  92  93  94  104 

 73  75  85  86  87  88  89  90  92 

 85  87  88  89  90  91  93  94  95  96  103  104 

 48  50  51  52  57  87  88  89  90  92  94  95  103 

 87  88  89  90  92  93  95  96  97  102  103  104  105 

 88  92  93  94  96  97  98  102  103  104  105  106 

 92  94  95  97  98  99  101  102  103  104  105 

 94  95  96  98  99  100  101  102  103 

 95  96  97  99  100  101  102 

 96  97  98  100  101  102 

 47  97  98  99  101  102 

 46  47  96  97  98  99  100  102 

 94  95  96  97  98  99  100  101 

 37  92  93  94  95  96  97  104  105  106  107  109  110 

 90  92  94  95  96  103  105  106  107  109 

 37  94  95  96  103  104  106  107  108  109  110  111  112 

 37  95  103  104  105  107  108  109  110  111  112  113 

 35  37  103  104  105  106  108  109  110  111  112 

 35  105  106  107  109  110  111  112 

 103  104  105  106  107  108  110 

 35  37  103  105  106  107  108  109  111  112  113  114  117 

 18  29  31  32  35  36  37  105  106  107  108  110  112  113  114 

 105  106  107  108  110  111  113  114  115  116  117  118  119 

 16  106  110  111  112  114  115  116  117  118  119  120 

 110  111  112  113  115  116  117  118  119 

 112  113  114  116  117  118 

 16  22  23  24  28  112  113  114  115  117  119 

 16  110  112  113  114  115  116  118  119  120  121  123  124 

 112  113  114  115  117  119  120  121  123 

 16  112  113  114  116  117  118  120  121  122  123  124  125  126 

 16  113  117  118  119  121  122  123  124  125  126  127 

 117  118  119  120  122  123  124  125  126 

 119  120  121  123  124  125  126 

 117  118  119  120  121  122  124 

 117  119  120  121  122  123  125  126  127  128  133  134 

 5  6  8  16  119  120  121  122  124  126  127  133  134  135 

 119  120  121  122  124  125  127  128  129  133  134  135 

 120  124  125  126  128  129  133  134  135  136 

 124  126  127  129  130  131  132  133  134  135 

 126  127  128  130  131  132  133  135 

 128  129  131  132 

 128  129  130  132 

 128  129  130  131 

 124  125  126  127  128  129  134  135  136 

 124  125  126  127  128  133  135  136 

 125  126  127  128  129  133  134  136 

 127  133  134  135 

